# Blender v2.90.0 OBJ File: 'chatimprovr_demo_room.blend'
# www.blender.org
mtllib block.mtl
o Block_Cube.002
v -15.082238 0.019080 -7.092935
v -15.082238 0.997032 -7.092935
v -14.591534 0.019080 -7.960510
v -14.591534 0.997032 -7.960510
v -12.348413 0.019080 -5.546669
v -12.348413 0.997032 -5.546669
v -11.857709 0.019080 -6.414245
v -11.857709 0.997032 -6.414245
vt 0.375000 0.000000
vt 0.625000 0.000000
vt 0.625000 0.250000
vt 0.375000 0.250000
vt 0.625000 0.500000
vt 0.375000 0.500000
vt 0.625000 0.750000
vt 0.375000 0.750000
vt 0.625000 1.000000
vt 0.375000 1.000000
vt 0.125000 0.500000
vt 0.125000 0.750000
vt 0.875000 0.500000
vt 0.875000 0.750000
vn -0.8704 0.0000 -0.4923
vn 0.4923 0.0000 -0.8704
vn 0.8704 0.0000 0.4923
vn -0.4923 0.0000 0.8704
vn 0.0000 -1.0000 0.0000
vn 0.0000 1.0000 0.0000
usemtl None
s off
f 1/1/1 2/2/1 4/3/1 3/4/1
f 3/4/2 4/3/2 8/5/2 7/6/2
f 7/6/3 8/5/3 6/7/3 5/8/3
f 5/8/4 6/7/4 2/9/4 1/10/4
f 3/11/5 7/6/5 5/8/5 1/12/5
f 8/5/6 4/13/6 2/14/6 6/7/6
o Block.001_Cube.012
v -14.554351 0.019080 -8.026249
v -14.554351 0.997032 -8.026249
v -14.063646 0.019080 -8.893825
v -14.063646 0.997032 -8.893825
v -11.820526 0.019080 -6.479983
v -11.820526 0.997032 -6.479983
v -11.329822 0.019080 -7.347559
v -11.329822 0.997032 -7.347559
vt 0.375000 0.000000
vt 0.625000 0.000000
vt 0.625000 0.250000
vt 0.375000 0.250000
vt 0.625000 0.500000
vt 0.375000 0.500000
vt 0.625000 0.750000
vt 0.375000 0.750000
vt 0.625000 1.000000
vt 0.375000 1.000000
vt 0.125000 0.500000
vt 0.125000 0.750000
vt 0.875000 0.500000
vt 0.875000 0.750000
vn -0.8704 0.0000 -0.4923
vn 0.4923 0.0000 -0.8704
vn 0.8704 0.0000 0.4923
vn -0.4923 0.0000 0.8704
vn 0.0000 -1.0000 0.0000
vn 0.0000 1.0000 0.0000
usemtl None
s off
f 9/15/7 10/16/7 12/17/7 11/18/7
f 11/18/8 12/17/8 16/19/8 15/20/8
f 15/20/9 16/19/9 14/21/9 13/22/9
f 13/22/10 14/21/10 10/23/10 9/24/10
f 11/25/11 15/20/11 13/22/11 9/26/11
f 16/19/12 12/27/12 10/28/12 14/21/12
o Block.002_Cube.013
v -14.013328 0.019080 -8.969007
v -14.013328 0.997032 -8.969007
v -13.522623 0.019080 -9.836583
v -13.522623 0.997032 -9.836583
v -11.279503 0.019080 -7.422742
v -11.279503 0.997032 -7.422742
v -10.788798 0.019080 -8.290318
v -10.788798 0.997032 -8.290318
vt 0.375000 0.000000
vt 0.625000 0.000000
vt 0.625000 0.250000
vt 0.375000 0.250000
vt 0.625000 0.500000
vt 0.375000 0.500000
vt 0.625000 0.750000
vt 0.375000 0.750000
vt 0.625000 1.000000
vt 0.375000 1.000000
vt 0.125000 0.500000
vt 0.125000 0.750000
vt 0.875000 0.500000
vt 0.875000 0.750000
vn -0.8704 0.0000 -0.4923
vn 0.4923 0.0000 -0.8704
vn 0.8704 0.0000 0.4923
vn -0.4923 0.0000 0.8704
vn 0.0000 -1.0000 0.0000
vn 0.0000 1.0000 0.0000
usemtl None
s off
f 17/29/13 18/30/13 20/31/13 19/32/13
f 19/32/14 20/31/14 24/33/14 23/34/14
f 23/34/15 24/33/15 22/35/15 21/36/15
f 21/36/16 22/35/16 18/37/16 17/38/16
f 19/39/17 23/34/17 21/36/17 17/40/17
f 24/33/18 20/41/18 18/42/18 22/35/18
o Block.003_Cube.014
v -13.537774 1.061962 -9.812665
v -13.537774 2.039914 -9.812665
v -12.672817 1.061962 -9.317353
v -12.672817 2.039914 -9.317353
v -15.069389 1.061962 -7.138028
v -15.069389 2.039914 -7.138028
v -14.204432 1.061962 -6.642716
v -14.204432 2.039914 -6.642716
vt 0.375000 0.000000
vt 0.625000 0.000000
vt 0.625000 0.250000
vt 0.375000 0.250000
vt 0.625000 0.500000
vt 0.375000 0.500000
vt 0.625000 0.750000
vt 0.375000 0.750000
vt 0.625000 1.000000
vt 0.375000 1.000000
vt 0.125000 0.500000
vt 0.125000 0.750000
vt 0.875000 0.500000
vt 0.875000 0.750000
vn 0.4969 0.0000 -0.8678
vn 0.8678 0.0000 0.4969
vn -0.4969 0.0000 0.8678
vn -0.8678 0.0000 -0.4969
vn 0.0000 -1.0000 0.0000
vn 0.0000 1.0000 -0.0000
usemtl None
s off
f 25/43/19 26/44/19 28/45/19 27/46/19
f 27/46/20 28/45/20 32/47/20 31/48/20
f 31/48/21 32/47/21 30/49/21 29/50/21
f 29/50/22 30/49/22 26/51/22 25/52/22
f 27/53/23 31/48/23 29/50/23 25/54/23
f 32/47/24 28/55/24 26/56/24 30/49/24
o Block.004_Cube.015
v -12.607525 1.061962 -9.279387
v -12.607525 2.039914 -9.279387
v -11.742568 1.061962 -8.784076
v -11.742568 2.039914 -8.784076
v -14.139140 1.061962 -6.604751
v -14.139140 2.039914 -6.604751
v -13.274183 1.061962 -6.109439
v -13.274183 2.039914 -6.109439
vt 0.375000 0.000000
vt 0.625000 0.000000
vt 0.625000 0.250000
vt 0.375000 0.250000
vt 0.625000 0.500000
vt 0.375000 0.500000
vt 0.625000 0.750000
vt 0.375000 0.750000
vt 0.625000 1.000000
vt 0.375000 1.000000
vt 0.125000 0.500000
vt 0.125000 0.750000
vt 0.875000 0.500000
vt 0.875000 0.750000
vn 0.4969 0.0000 -0.8678
vn 0.8678 0.0000 0.4969
vn -0.4969 0.0000 0.8678
vn -0.8678 0.0000 -0.4969
vn 0.0000 -1.0000 0.0000
vn 0.0000 1.0000 -0.0000
usemtl None
s off
f 33/57/25 34/58/25 36/59/25 35/60/25
f 35/60/26 36/59/26 40/61/26 39/62/26
f 39/62/27 40/61/27 38/63/27 37/64/27
f 37/64/28 38/63/28 34/65/28 33/66/28
f 35/67/29 39/62/29 37/64/29 33/68/29
f 40/61/30 36/69/30 34/70/30 38/63/30
o Block.005_Cube.016
v -11.667842 1.061962 -8.733026
v -11.667842 2.039914 -8.733026
v -10.802885 1.061962 -8.237714
v -10.802885 2.039914 -8.237714
v -13.199457 1.061962 -6.058389
v -13.199457 2.039914 -6.058389
v -12.334500 1.061962 -5.563077
v -12.334500 2.039914 -5.563077
vt 0.375000 0.000000
vt 0.625000 0.000000
vt 0.625000 0.250000
vt 0.375000 0.250000
vt 0.625000 0.500000
vt 0.375000 0.500000
vt 0.625000 0.750000
vt 0.375000 0.750000
vt 0.625000 1.000000
vt 0.375000 1.000000
vt 0.125000 0.500000
vt 0.125000 0.750000
vt 0.875000 0.500000
vt 0.875000 0.750000
vn 0.4969 0.0000 -0.8678
vn 0.8678 0.0000 0.4969
vn -0.4969 0.0000 0.8678
vn -0.8678 0.0000 -0.4969
vn 0.0000 -1.0000 0.0000
vn 0.0000 1.0000 -0.0000
usemtl None
s off
f 41/71/31 42/72/31 44/73/31 43/74/31
f 43/74/32 44/73/32 48/75/32 47/76/32
f 47/76/33 48/75/33 46/77/33 45/78/33
f 45/78/34 46/77/34 42/79/34 41/80/34
f 43/81/35 47/76/35 45/78/35 41/82/35
f 48/75/36 44/83/36 42/84/36 46/77/36
o Block.006_Cube.017
v -15.072104 2.104844 -7.057659
v -15.072104 3.082796 -7.057659
v -14.595770 2.104844 -7.933207
v -14.595770 3.082796 -7.933207
v -12.313158 2.104844 -5.556676
v -12.313158 3.082796 -5.556676
v -11.836823 2.104844 -6.432224
v -11.836823 3.082796 -6.432224
vt 0.375000 0.000000
vt 0.625000 0.000000
vt 0.625000 0.250000
vt 0.375000 0.250000
vt 0.625000 0.500000
vt 0.375000 0.500000
vt 0.625000 0.750000
vt 0.375000 0.750000
vt 0.625000 1.000000
vt 0.375000 1.000000
vt 0.125000 0.500000
vt 0.125000 0.750000
vt 0.875000 0.500000
vt 0.875000 0.750000
vn -0.8784 0.0000 -0.4779
vn 0.4779 0.0000 -0.8784
vn 0.8784 0.0000 0.4779
vn -0.4779 0.0000 0.8784
vn 0.0000 -1.0000 0.0000
vn 0.0000 1.0000 0.0000
usemtl None
s off
f 49/85/37 50/86/37 52/87/37 51/88/37
f 51/88/38 52/87/38 56/89/38 55/90/38
f 55/90/39 56/89/39 54/91/39 53/92/39
f 53/92/40 54/91/40 50/93/40 49/94/40
f 51/95/41 55/90/41 53/92/41 49/96/41
f 56/89/42 52/97/42 50/98/42 54/91/42
o Block.007_Cube.018
v -14.559677 2.104844 -7.999551
v -14.559677 3.082796 -7.999551
v -14.083343 2.104844 -8.875099
v -14.083343 3.082796 -8.875099
v -11.800731 2.104844 -6.498568
v -11.800731 3.082796 -6.498568
v -11.324396 2.104844 -7.374116
v -11.324396 3.082796 -7.374116
vt 0.375000 0.000000
vt 0.625000 0.000000
vt 0.625000 0.250000
vt 0.375000 0.250000
vt 0.625000 0.500000
vt 0.375000 0.500000
vt 0.625000 0.750000
vt 0.375000 0.750000
vt 0.625000 1.000000
vt 0.375000 1.000000
vt 0.125000 0.500000
vt 0.125000 0.750000
vt 0.875000 0.500000
vt 0.875000 0.750000
vn -0.8784 0.0000 -0.4779
vn 0.4779 0.0000 -0.8784
vn 0.8784 0.0000 0.4779
vn -0.4779 0.0000 0.8784
vn 0.0000 -1.0000 0.0000
vn 0.0000 1.0000 0.0000
usemtl None
s off
f 57/99/43 58/100/43 60/101/43 59/102/43
f 59/102/44 60/101/44 64/103/44 63/104/44
f 63/104/45 64/103/45 62/105/45 61/106/45
f 61/106/46 62/105/46 58/107/46 57/108/46
f 59/109/47 63/104/47 61/106/47 57/110/47
f 64/103/48 60/111/48 58/112/48 62/105/48
o Block.008_Cube.019
v -14.034272 2.104844 -8.951102
v -14.034272 3.082796 -8.951102
v -13.557938 2.104844 -9.826651
v -13.557938 3.082796 -9.826651
v -11.275326 2.104844 -7.450119
v -11.275326 3.082796 -7.450119
v -10.798991 2.104844 -8.325667
v -10.798991 3.082796 -8.325667
vt 0.375000 0.000000
vt 0.625000 0.000000
vt 0.625000 0.250000
vt 0.375000 0.250000
vt 0.625000 0.500000
vt 0.375000 0.500000
vt 0.625000 0.750000
vt 0.375000 0.750000
vt 0.625000 1.000000
vt 0.375000 1.000000
vt 0.125000 0.500000
vt 0.125000 0.750000
vt 0.875000 0.500000
vt 0.875000 0.750000
vn -0.8784 0.0000 -0.4779
vn 0.4779 0.0000 -0.8784
vn 0.8784 0.0000 0.4779
vn -0.4779 0.0000 0.8784
vn 0.0000 -1.0000 0.0000
vn 0.0000 1.0000 0.0000
usemtl None
s off
f 65/113/49 66/114/49 68/115/49 67/116/49
f 67/116/50 68/115/50 72/117/50 71/118/50
f 71/118/51 72/117/51 70/119/51 69/120/51
f 69/120/52 70/119/52 66/121/52 65/122/52
f 67/123/53 71/118/53 69/120/53 65/124/53
f 72/117/54 68/125/54 66/126/54 70/119/54
o Block.009_Cube.020
v -13.572690 3.147726 -9.802485
v -13.572690 4.125678 -9.802485
v -12.699685 3.147726 -9.321501
v -12.699685 4.125678 -9.321501
v -15.060000 3.147726 -7.102961
v -15.060000 4.125678 -7.102961
v -14.186996 3.147726 -6.621976
v -14.186996 4.125678 -6.621976
vt 0.375000 0.000000
vt 0.625000 0.000000
vt 0.625000 0.250000
vt 0.375000 0.250000
vt 0.625000 0.500000
vt 0.375000 0.500000
vt 0.625000 0.750000
vt 0.375000 0.750000
vt 0.625000 1.000000
vt 0.375000 1.000000
vt 0.125000 0.500000
vt 0.125000 0.750000
vt 0.875000 0.500000
vt 0.875000 0.750000
vn 0.4826 0.0000 -0.8759
vn 0.8759 0.0000 0.4826
vn -0.4826 0.0000 0.8759
vn -0.8759 0.0000 -0.4826
vn 0.0000 -1.0000 0.0000
vn 0.0000 1.0000 0.0000
usemtl None
s off
f 73/127/55 74/128/55 76/129/55 75/130/55
f 75/130/56 76/129/56 80/131/56 79/132/56
f 79/132/57 80/131/57 78/133/57 77/134/57
f 77/134/58 78/133/58 74/135/58 73/136/58
f 75/137/59 79/132/59 77/134/59 73/138/59
f 80/131/60 76/139/60 74/140/60 78/133/60
o Block.010_Cube.021
v -12.633777 3.147726 -9.284617
v -12.633777 4.125678 -9.284617
v -11.760772 3.147726 -8.803633
v -11.760772 4.125678 -8.803633
v -14.121087 3.147726 -6.585093
v -14.121087 4.125678 -6.585093
v -13.248082 3.147726 -6.104108
v -13.248082 4.125678 -6.104108
vt 0.375000 0.000000
vt 0.625000 0.000000
vt 0.625000 0.250000
vt 0.375000 0.250000
vt 0.625000 0.500000
vt 0.375000 0.500000
vt 0.625000 0.750000
vt 0.375000 0.750000
vt 0.625000 1.000000
vt 0.375000 1.000000
vt 0.125000 0.500000
vt 0.125000 0.750000
vt 0.875000 0.500000
vt 0.875000 0.750000
vn 0.4826 0.0000 -0.8759
vn 0.8759 0.0000 0.4826
vn -0.4826 0.0000 0.8759
vn -0.8759 0.0000 -0.4826
vn 0.0000 -1.0000 0.0000
vn 0.0000 1.0000 0.0000
usemtl None
s off
f 81/141/61 82/142/61 84/143/61 83/144/61
f 83/144/62 84/143/62 88/145/62 87/146/62
f 87/146/63 88/145/63 86/147/63 85/148/63
f 85/148/64 86/147/64 82/149/64 81/150/64
f 83/151/65 87/146/65 85/148/65 81/152/65
f 88/145/66 84/153/66 82/154/66 86/147/66
o Block.011_Cube.022
v -11.685214 3.147726 -8.753821
v -11.685214 4.125678 -8.753821
v -10.812209 3.147726 -8.272837
v -10.812209 4.125678 -8.272837
v -13.172524 3.147726 -6.054296
v -13.172524 4.125678 -6.054296
v -12.299520 3.147726 -5.573312
v -12.299520 4.125678 -5.573312
vt 0.375000 0.000000
vt 0.625000 0.000000
vt 0.625000 0.250000
vt 0.375000 0.250000
vt 0.625000 0.500000
vt 0.375000 0.500000
vt 0.625000 0.750000
vt 0.375000 0.750000
vt 0.625000 1.000000
vt 0.375000 1.000000
vt 0.125000 0.500000
vt 0.125000 0.750000
vt 0.875000 0.500000
vt 0.875000 0.750000
vn 0.4826 0.0000 -0.8759
vn 0.8759 0.0000 0.4826
vn -0.4826 0.0000 0.8759
vn -0.8759 0.0000 -0.4826
vn 0.0000 -1.0000 0.0000
vn 0.0000 1.0000 0.0000
usemtl None
s off
f 89/155/67 90/156/67 92/157/67 91/158/67
f 91/158/68 92/157/68 96/159/68 95/160/68
f 95/160/69 96/159/69 94/161/69 93/162/69
f 93/162/70 94/161/70 90/163/70 89/164/70
f 91/165/71 95/160/71 93/162/71 89/166/71
f 96/159/72 92/167/72 90/168/72 94/161/72
